#(id,from,to,speed,planTime)
(10000, 18, 50, 8, 3)
(10001, 51, 3, 8, 4)
(10002, 24, 64, 6, 4)
(10003, 6, 50, 2, 5)
(10004, 20, 62, 2, 7)
(10005, 38, 4, 8, 6)
(10006, 37, 4, 8, 2)
(10007, 55, 16, 2, 6)
(10008, 23, 63, 8, 7)
(10009, 36, 2, 2, 7)
(10010, 59, 7, 8, 4)
(10011, 19, 63, 6, 6)
(10012, 37, 3, 6, 5)
(10013, 23, 57, 8, 2)
(10014, 17, 53, 2, 4)
(10015, 57, 25, 2, 3)
(10016, 18, 53, 2, 5)
(10017, 47, 2, 8, 7)
(10018, 6, 47, 8, 1)
(10019, 33, 1, 4, 6)
(10020, 2, 58, 2, 7)
(10021, 31, 64, 2, 3)
(10022, 8, 63, 6, 7)
(10023, 1, 42, 8, 10)
(10024, 29, 61, 8, 7)
(10025, 53, 1, 8, 9)
(10026, 3, 35, 8, 4)
(10027, 7, 46, 6, 8)
(10028, 34, 1, 2, 8)
(10029, 21, 62, 6, 4)
(10030, 36, 3, 4, 7)
(10031, 1, 61, 4, 1)
(10032, 19, 57, 8, 2)
(10033, 53, 1, 4, 2)
(10034, 52, 10, 8, 8)
(10035, 37, 3, 6, 3)
(10036, 59, 12, 8, 4)
(10037, 14, 49, 8, 4)
(10038, 4, 41, 8, 2)
(10039, 40, 2, 6, 2)
(10040, 63, 27, 8, 5)
(10041, 26, 63, 2, 3)
(10042, 45, 4, 4, 6)
(10043, 23, 55, 8, 9)
(10044, 32, 64, 4, 8)
(10045, 56, 20, 2, 2)
(10046, 52, 5, 2, 8)
(10047, 61, 14, 2, 7)
(10048, 47, 4, 8, 7)
(10049, 51, 7, 6, 2)
(10050, 5, 48, 2, 10)
(10051, 62, 26, 8, 7)
(10052, 18, 59, 4, 9)
(10053, 41, 6, 8, 5)
(10054, 34, 2, 8, 7)
(10055, 13, 47, 6, 6)
(10056, 12, 54, 2, 10)
(10057, 8, 45, 4, 1)
(10058, 58, 17, 2, 1)
(10059, 39, 1, 2, 6)
(10060, 47, 8, 4, 2)
(10061, 35, 1, 6, 7)
(10062, 35, 1, 6, 4)
(10063, 46, 4, 2, 2)
(10064, 53, 16, 8, 10)
(10065, 9, 49, 8, 3)
(10066, 42, 9, 6, 4)
(10067, 17, 57, 8, 5)
(10068, 29, 64, 2, 1)
(10069, 36, 1, 8, 8)
(10070, 63, 22, 4, 9)
(10071, 44, 4, 2, 9)
(10072, 44, 5, 6, 6)
(10073, 55, 11, 2, 3)
(10074, 29, 64, 8, 8)
(10075, 49, 4, 2, 3)
(10076, 44, 4, 8, 5)
(10077, 27, 62, 2, 3)
(10078, 17, 63, 6, 3)
(10079, 44, 8, 2, 2)
(10080, 49, 17, 6, 6)
(10081, 28, 61, 2, 10)
(10082, 18, 58, 8, 1)
(10083, 27, 62, 2, 5)
(10084, 25, 60, 8, 2)
(10085, 38, 2, 6, 2)
(10086, 57, 13, 8, 10)
(10087, 26, 64, 4, 3)
(10088, 22, 56, 8, 1)
(10089, 41, 9, 2, 5)
(10090, 19, 60, 6, 7)
(10091, 22, 64, 6, 6)
(10092, 7, 41, 2, 3)
(10093, 20, 63, 8, 10)
(10094, 25, 59, 4, 10)
(10095, 41, 1, 4, 3)
(10096, 59, 5, 2, 3)
(10097, 42, 7, 8, 5)
(10098, 16, 60, 6, 2)
(10099, 9, 42, 6, 2)
(10100, 47, 1, 6, 6)
(10101, 55, 18, 8, 5)
(10102, 55, 19, 4, 1)
(10103, 6, 40, 6, 8)
(10104, 1, 49, 2, 2)
(10105, 44, 3, 2, 10)
(10106, 24, 61, 6, 7)
(10107, 35, 1, 2, 5)
(10108, 26, 61, 2, 9)
(10109, 31, 64, 4, 8)
(10110, 62, 2, 2, 3)
(10111, 55, 11, 4, 3)
(10112, 60, 19, 8, 6)
(10113, 35, 1, 2, 6)
(10114, 31, 63, 4, 2)
(10115, 10, 50, 6, 2)
(10116, 48, 7, 8, 8)
(10117, 62, 21, 8, 8)
(10118, 63, 22, 2, 6)
(10119, 35, 3, 2, 6)
(10120, 47, 7, 8, 2)
(10121, 20, 64, 8, 3)
(10122, 60, 1, 4, 2)
(10123, 20, 54, 2, 4)
(10124, 40, 2, 2, 3)
(10125, 20, 59, 8, 3)
(10126, 42, 10, 4, 8)
(10127, 5, 50, 4, 4)
(10128, 18, 63, 6, 7)
(10129, 29, 64, 2, 1)
(10130, 19, 64, 4, 5)
(10131, 45, 11, 2, 10)
(10132, 12, 60, 8, 2)
(10133, 39, 6, 4, 10)
(10134, 9, 49, 6, 2)
(10135, 20, 61, 4, 6)
(10136, 7, 42, 2, 9)
(10137, 23, 57, 4, 10)
(10138, 14, 46, 6, 10)
(10139, 41, 6, 4, 9)
(10140, 46, 9, 8, 2)
(10141, 17, 59, 6, 8)
(10142, 1, 57, 4, 7)
(10143, 56, 4, 8, 3)
(10144, 15, 63, 4, 9)
(10145, 60, 28, 6, 6)
(10146, 36, 1, 4, 6)
(10147, 20, 55, 8, 8)
(10148, 4, 36, 6, 2)
(10149, 48, 11, 4, 8)
(10150, 36, 4, 8, 3)
(10151, 18, 57, 8, 2)
(10152, 7, 51, 6, 4)
(10153, 20, 62, 4, 2)
(10154, 3, 39, 2, 5)
(10155, 2, 53, 4, 9)
(10156, 41, 5, 6, 5)
(10157, 3, 35, 6, 9)
(10158, 51, 7, 8, 9)
(10159, 49, 8, 6, 6)
(10160, 14, 58, 4, 4)
(10161, 3, 45, 2, 5)
(10162, 24, 64, 6, 9)
(10163, 59, 18, 4, 1)
(10164, 34, 1, 8, 5)
(10165, 35, 2, 8, 7)
(10166, 64, 4, 2, 4)
(10167, 14, 49, 8, 2)
(10168, 30, 64, 8, 10)
(10169, 55, 13, 6, 4)
(10170, 37, 2, 8, 10)
(10171, 13, 48, 4, 2)
(10172, 17, 52, 8, 5)
(10173, 14, 49, 8, 3)
(10174, 43, 9, 8, 5)
(10175, 19, 60, 2, 8)
(10176, 52, 18, 8, 10)
(10177, 1, 64, 2, 4)
(10178, 7, 39, 2, 5)
(10179, 38, 3, 6, 8)
(10180, 33, 1, 4, 8)
(10181, 61, 9, 6, 4)
(10182, 49, 4, 8, 9)
(10183, 15, 54, 4, 10)
(10184, 53, 1, 6, 3)
(10185, 18, 50, 6, 6)
(10186, 30, 64, 6, 5)
(10187, 12, 53, 8, 6)
(10188, 1, 51, 4, 1)
(10189, 28, 63, 4, 8)
(10190, 20, 56, 8, 10)
(10191, 31, 64, 8, 6)
(10192, 52, 12, 6, 1)
(10193, 39, 6, 6, 2)
(10194, 9, 64, 2, 2)
(10195, 58, 17, 4, 9)
(10196, 23, 56, 2, 2)
(10197, 26, 62, 6, 8)
(10198, 30, 64, 4, 6)
(10199, 3, 36, 8, 1)
(10200, 44, 6, 8, 2)
(10201, 34, 2, 6, 4)
(10202, 48, 8, 8, 7)
(10203, 33, 1, 8, 4)
(10204, 49, 11, 2, 3)
(10205, 64, 8, 6, 7)
(10206, 59, 15, 8, 4)
(10207, 41, 1, 8, 4)
(10208, 64, 17, 8, 4)
(10209, 44, 3, 8, 4)
(10210, 25, 64, 4, 3)
(10211, 10, 45, 8, 2)
(10212, 26, 62, 4, 8)
(10213, 41, 1, 8, 3)
(10214, 8, 47, 6, 3)
(10215, 32, 64, 8, 9)
(10216, 41, 7, 6, 8)
(10217, 9, 47, 2, 10)
(10218, 40, 3, 4, 6)
(10219, 4, 63, 8, 5)
(10220, 16, 50, 8, 1)
(10221, 36, 2, 8, 9)
(10222, 63, 25, 8, 10)
(10223, 25, 59, 6, 5)
(10224, 11, 47, 8, 4)
(10225, 58, 9, 8, 6)
(10226, 6, 52, 8, 3)
(10227, 53, 1, 6, 9)
(10228, 16, 62, 2, 10)
(10229, 61, 22, 4, 1)
(10230, 54, 7, 6, 8)
(10231, 6, 59, 6, 6)
(10232, 63, 18, 2, 6)
(10233, 18, 55, 4, 1)
(10234, 35, 2, 6, 7)
(10235, 64, 17, 6, 7)
(10236, 8, 49, 2, 1)
(10237, 26, 61, 8, 10)
(10238, 19, 52, 6, 8)
(10239, 3, 54, 2, 1)
(10240, 7, 50, 8, 1)
(10241, 14, 58, 6, 5)
(10242, 11, 63, 2, 6)
(10243, 17, 63, 8, 2)
(10244, 57, 3, 2, 8)
(10245, 51, 16, 4, 2)
(10246, 10, 48, 4, 5)
(10247, 5, 46, 8, 8)
(10248, 22, 62, 8, 6)
(10249, 44, 2, 2, 2)
(10250, 19, 57, 8, 5)
(10251, 30, 64, 8, 9)
(10252, 4, 61, 6, 9)
(10253, 39, 7, 8, 5)
(10254, 18, 54, 6, 1)
(10255, 23, 64, 2, 9)
(10256, 23, 57, 4, 4)
(10257, 13, 45, 8, 8)
(10258, 16, 49, 6, 3)
(10259, 34, 2, 4, 7)
(10260, 9, 63, 4, 5)
(10261, 61, 16, 6, 2)
(10262, 55, 10, 4, 3)
(10263, 27, 61, 6, 5)
(10264, 10, 59, 2, 7)
(10265, 15, 52, 8, 6)
(10266, 52, 14, 6, 10)
(10267, 30, 63, 4, 9)
(10268, 3, 38, 4, 6)
(10269, 22, 57, 6, 5)
(10270, 2, 54, 2, 3)
(10271, 21, 55, 8, 10)
(10272, 58, 11, 2, 9)
(10273, 41, 7, 2, 10)
(10274, 32, 64, 8, 7)
(10275, 43, 9, 4, 1)
(10276, 24, 59, 6, 4)
(10277, 33, 1, 2, 6)
(10278, 25, 58, 6, 10)
(10279, 55, 21, 2, 5)
(10280, 10, 60, 4, 4)
(10281, 61, 25, 4, 7)
(10282, 17, 49, 8, 9)
(10283, 10, 55, 4, 4)
(10284, 21, 58, 8, 9)
(10285, 8, 58, 8, 10)
(10286, 56, 15, 6, 6)
(10287, 15, 58, 6, 3)
(10288, 26, 64, 2, 4)
(10289, 10, 49, 2, 5)
(10290, 47, 8, 6, 5)
(10291, 47, 12, 4, 2)
(10292, 32, 64, 4, 10)
(10293, 34, 2, 2, 8)
(10294, 28, 64, 4, 8)
(10295, 53, 4, 2, 9)
(10296, 7, 60, 4, 8)
(10297, 9, 62, 2, 8)
(10298, 31, 64, 2, 9)
(10299, 30, 64, 2, 4)
(10300, 62, 22, 6, 10)
(10301, 53, 12, 6, 7)
(10302, 22, 63, 6, 9)
(10303, 16, 63, 8, 7)
(10304, 6, 38, 6, 7)
(10305, 62, 23, 6, 2)
(10306, 34, 2, 6, 10)
(10307, 64, 25, 2, 3)
(10308, 13, 59, 4, 2)
(10309, 13, 46, 6, 1)
(10310, 35, 1, 8, 3)
(10311, 12, 50, 4, 10)
(10312, 32, 64, 2, 1)
(10313, 43, 4, 4, 6)
(10314, 22, 55, 8, 8)
(10315, 37, 1, 2, 8)
(10316, 21, 62, 8, 7)
(10317, 54, 15, 6, 2)
(10318, 53, 4, 4, 7)
(10319, 26, 63, 2, 3)
(10320, 45, 7, 2, 3)
(10321, 57, 3, 8, 7)
(10322, 62, 28, 4, 4)
(10323, 5, 46, 2, 5)
(10324, 15, 58, 4, 7)
(10325, 25, 61, 8, 8)
(10326, 41, 9, 8, 10)
(10327, 33, 1, 2, 9)
(10328, 19, 61, 6, 7)
(10329, 63, 5, 8, 3)
(10330, 46, 8, 2, 3)
(10331, 21, 63, 6, 2)
(10332, 6, 62, 2, 2)
(10333, 58, 6, 6, 3)
(10334, 48, 3, 8, 5)
(10335, 48, 3, 4, 8)
(10336, 34, 1, 8, 4)
(10337, 7, 52, 6, 4)
(10338, 29, 62, 2, 2)
(10339, 16, 55, 8, 3)
(10340, 35, 2, 4, 7)
(10341, 43, 10, 4, 9)
(10342, 16, 49, 2, 2)
(10343, 33, 1, 4, 10)
(10344, 55, 10, 4, 5)
(10345, 39, 6, 8, 1)
(10346, 42, 9, 4, 5)
(10347, 41, 7, 4, 8)
(10348, 64, 4, 8, 6)
(10349, 37, 5, 2, 4)
(10350, 59, 20, 2, 4)
(10351, 53, 11, 4, 8)
(10352, 63, 17, 2, 7)
(10353, 63, 31, 4, 4)
(10354, 40, 1, 6, 3)
(10355, 7, 62, 6, 3)
(10356, 32, 64, 4, 6)
(10357, 1, 61, 2, 10)
(10358, 20, 58, 8, 3)
(10359, 41, 4, 6, 4)
(10360, 53, 9, 8, 4)
(10361, 64, 31, 6, 4)
(10362, 44, 6, 4, 3)
(10363, 39, 6, 8, 1)
(10364, 20, 57, 4, 3)
(10365, 22, 54, 6, 6)
(10366, 14, 61, 2, 6)
(10367, 23, 56, 8, 9)
(10368, 4, 47, 2, 2)
(10369, 43, 10, 8, 3)
(10370, 60, 4, 4, 8)
(10371, 40, 1, 2, 3)
(10372, 52, 14, 4, 9)
(10373, 59, 5, 4, 1)
(10374, 63, 3, 2, 8)
(10375, 52, 9, 2, 6)
(10376, 33, 1, 6, 1)
(10377, 17, 61, 8, 6)
(10378, 36, 2, 6, 8)
(10379, 62, 20, 6, 7)
(10380, 22, 61, 2, 5)
(10381, 46, 11, 6, 5)
(10382, 12, 53, 4, 1)
(10383, 19, 59, 8, 5)
(10384, 46, 5, 4, 9)
(10385, 21, 61, 4, 5)
(10386, 10, 56, 4, 2)
(10387, 45, 7, 8, 10)
(10388, 64, 6, 8, 3)
(10389, 37, 1, 4, 2)
(10390, 53, 21, 4, 6)
(10391, 46, 14, 8, 1)
(10392, 64, 19, 6, 3)
(10393, 6, 50, 6, 2)
(10394, 15, 55, 8, 4)
(10395, 31, 64, 4, 5)
(10396, 45, 7, 4, 9)
(10397, 56, 15, 8, 3)
(10398, 55, 7, 4, 1)
(10399, 40, 8, 8, 10)
(10400, 49, 7, 6, 4)
(10401, 30, 64, 6, 7)
(10402, 21, 54, 6, 5)
(10403, 35, 1, 4, 3)
(10404, 34, 2, 2, 6)
(10405, 3, 38, 6, 9)
(10406, 28, 64, 6, 8)
(10407, 44, 3, 8, 6)
(10408, 37, 2, 4, 9)
(10409, 26, 61, 4, 6)
(10410, 36, 4, 4, 3)
(10411, 18, 51, 6, 7)
(10412, 28, 60, 2, 3)
(10413, 34, 2, 4, 3)
(10414, 22, 58, 4, 4)
(10415, 56, 23, 6, 8)
(10416, 31, 64, 6, 4)
(10417, 19, 56, 6, 6)
(10418, 57, 23, 2, 10)
(10419, 36, 3, 4, 6)
(10420, 5, 47, 6, 3)
(10421, 60, 27, 6, 5)
(10422, 32, 64, 6, 3)
(10423, 56, 20, 4, 1)
(10424, 59, 19, 8, 5)
(10425, 1, 64, 4, 4)
(10426, 7, 57, 6, 3)
(10427, 8, 48, 2, 2)
(10428, 19, 58, 2, 7)
(10429, 31, 64, 6, 4)
(10430, 5, 37, 8, 6)
(10431, 55, 7, 6, 2)
(10432, 2, 64, 6, 9)
(10433, 18, 61, 4, 8)
(10434, 37, 5, 6, 3)
(10435, 27, 64, 2, 4)
(10436, 13, 56, 2, 8)
(10437, 55, 3, 8, 8)
(10438, 4, 37, 2, 1)
(10439, 51, 17, 2, 10)
(10440, 63, 29, 2, 7)
(10441, 7, 45, 2, 1)
(10442, 48, 6, 8, 3)
(10443, 10, 59, 6, 10)
(10444, 28, 60, 2, 2)
(10445, 47, 4, 8, 4)
(10446, 26, 59, 2, 7)
(10447, 33, 1, 6, 8)
(10448, 54, 22, 8, 7)
(10449, 32, 64, 8, 2)
(10450, 6, 55, 8, 7)
(10451, 44, 5, 6, 8)
(10452, 34, 1, 2, 10)
(10453, 21, 54, 6, 4)
(10454, 40, 8, 8, 2)
(10455, 48, 13, 4, 10)
(10456, 43, 6, 8, 5)
(10457, 56, 21, 6, 8)
(10458, 1, 41, 4, 5)
(10459, 51, 1, 4, 6)
(10460, 64, 29, 6, 10)
(10461, 52, 15, 6, 10)
(10462, 60, 2, 4, 9)
(10463, 28, 62, 8, 3)
(10464, 6, 45, 6, 9)
(10465, 48, 4, 8, 6)
(10466, 46, 12, 4, 8)
(10467, 60, 11, 4, 9)
(10468, 47, 8, 8, 8)
(10469, 19, 60, 8, 7)
(10470, 13, 55, 4, 5)
(10471, 7, 40, 8, 9)
(10472, 3, 58, 2, 10)
(10473, 16, 51, 8, 8)
(10474, 2, 57, 8, 10)
(10475, 60, 18, 2, 8)
(10476, 31, 64, 6, 2)
(10477, 41, 3, 6, 3)
(10478, 58, 22, 2, 4)
(10479, 30, 62, 8, 2)
(10480, 22, 62, 6, 10)
(10481, 20, 58, 4, 5)
(10482, 36, 1, 2, 4)
(10483, 36, 4, 4, 9)
(10484, 33, 1, 8, 6)
(10485, 2, 41, 4, 8)
(10486, 27, 61, 6, 5)
(10487, 24, 59, 4, 1)
(10488, 7, 41, 4, 2)
(10489, 40, 3, 4, 1)
(10490, 44, 2, 6, 10)
(10491, 34, 2, 2, 9)
(10492, 52, 6, 6, 5)
(10493, 59, 1, 4, 3)
(10494, 21, 62, 8, 10)
(10495, 4, 42, 6, 3)
(10496, 11, 52, 8, 6)
(10497, 34, 2, 2, 2)
(10498, 43, 4, 6, 10)
(10499, 9, 48, 8, 1)
(10500, 18, 54, 8, 10)
(10501, 54, 12, 8, 6)
(10502, 62, 22, 4, 3)
(10503, 4, 41, 8, 1)
(10504, 28, 63, 4, 2)
(10505, 43, 3, 2, 3)
(10506, 41, 1, 6, 6)
(10507, 35, 3, 2, 4)
(10508, 50, 6, 2, 10)
(10509, 27, 62, 6, 1)
(10510, 2, 52, 6, 9)
(10511, 31, 64, 4, 9)
(10512, 6, 59, 4, 7)
(10513, 53, 3, 2, 2)
(10514, 19, 57, 8, 3)
(10515, 5, 62, 2, 3)
(10516, 40, 5, 6, 4)
(10517, 20, 64, 2, 3)
(10518, 62, 29, 4, 6)
(10519, 57, 14, 8, 5)
(10520, 7, 42, 2, 3)
(10521, 60, 28, 6, 1)
(10522, 17, 50, 8, 6)
(10523, 27, 62, 6, 7)
(10524, 63, 3, 8, 2)
(10525, 36, 4, 2, 4)
(10526, 27, 61, 4, 2)
(10527, 19, 64, 6, 5)
(10528, 38, 1, 4, 2)
(10529, 52, 20, 6, 4)
(10530, 17, 62, 2, 10)
(10531, 36, 1, 2, 2)
(10532, 45, 6, 6, 10)
(10533, 62, 10, 4, 4)
(10534, 22, 55, 6, 3)
(10535, 62, 13, 4, 1)
(10536, 54, 2, 2, 6)
(10537, 50, 13, 6, 6)
(10538, 37, 4, 4, 1)
(10539, 32, 64, 4, 9)
(10540, 49, 8, 8, 9)
(10541, 12, 56, 2, 2)
(10542, 46, 4, 8, 2)
(10543, 35, 2, 8, 10)
(10544, 54, 9, 4, 10)
(10545, 13, 61, 8, 7)
(10546, 15, 60, 2, 5)
(10547, 56, 3, 2, 6)
(10548, 12, 48, 4, 10)
(10549, 11, 48, 2, 4)
(10550, 3, 51, 8, 9)
(10551, 40, 7, 8, 6)
(10552, 62, 3, 4, 3)
(10553, 28, 62, 2, 2)
(10554, 3, 47, 2, 1)
(10555, 57, 22, 4, 6)
(10556, 48, 4, 8, 5)
(10557, 64, 5, 4, 10)
(10558, 35, 1, 8, 9)
(10559, 44, 5, 4, 6)
(10560, 19, 62, 6, 5)
(10561, 13, 61, 4, 5)
(10562, 26, 62, 2, 7)
(10563, 45, 1, 6, 9)
(10564, 58, 11, 6, 8)
(10565, 42, 9, 6, 5)
(10566, 25, 62, 4, 8)
(10567, 60, 2, 6, 9)
(10568, 64, 29, 4, 9)
(10569, 21, 55, 6, 4)
(10570, 24, 62, 2, 4)
(10571, 8, 46, 2, 8)
(10572, 21, 58, 6, 7)
(10573, 32, 64, 8, 7)
(10574, 18, 55, 2, 1)
(10575, 28, 62, 4, 8)
(10576, 2, 36, 8, 1)
(10577, 6, 61, 4, 1)
(10578, 4, 61, 8, 10)
(10579, 43, 3, 4, 2)
(10580, 28, 60, 6, 4)
(10581, 25, 63, 8, 9)
(10582, 58, 17, 4, 1)
(10583, 13, 58, 8, 8)
(10584, 29, 63, 6, 4)
(10585, 49, 1, 2, 8)
(10586, 31, 64, 2, 1)
(10587, 27, 59, 4, 3)
(10588, 35, 1, 4, 8)
(10589, 25, 61, 4, 2)
(10590, 60, 12, 6, 1)
(10591, 39, 2, 2, 5)
(10592, 13, 53, 8, 3)
(10593, 60, 27, 4, 9)
(10594, 36, 3, 4, 4)
(10595, 8, 51, 2, 4)
(10596, 40, 5, 8, 10)
(10597, 17, 57, 2, 9)
(10598, 34, 2, 2, 5)
(10599, 47, 15, 2, 1)
(10600, 2, 39, 2, 9)
(10601, 53, 17, 8, 1)
(10602, 30, 63, 6, 8)
(10603, 5, 62, 8, 8)
(10604, 35, 2, 6, 1)
(10605, 62, 1, 8, 3)
(10606, 14, 54, 4, 9)
(10607, 15, 64, 8, 10)
(10608, 35, 2, 6, 6)
(10609, 62, 16, 2, 4)
(10610, 22, 56, 8, 5)
(10611, 36, 4, 2, 10)
(10612, 19, 59, 6, 8)
(10613, 15, 57, 2, 9)
(10614, 20, 63, 2, 1)
(10615, 16, 63, 6, 10)
(10616, 34, 1, 6, 3)
(10617, 44, 10, 8, 7)
(10618, 55, 17, 4, 8)
(10619, 7, 52, 6, 1)
(10620, 29, 64, 6, 10)
(10621, 42, 6, 4, 2)
(10622, 56, 1, 6, 10)
(10623, 42, 4, 6, 6)
(10624, 51, 11, 2, 7)
(10625, 8, 49, 2, 9)
(10626, 26, 60, 6, 2)
(10627, 50, 6, 2, 6)
(10628, 30, 63, 4, 7)
(10629, 44, 5, 8, 4)
(10630, 57, 24, 8, 10)
(10631, 12, 48, 4, 7)
(10632, 13, 61, 8, 7)
(10633, 9, 44, 6, 6)
(10634, 10, 60, 4, 10)
(10635, 54, 22, 4, 7)
(10636, 3, 61, 4, 9)
(10637, 53, 17, 6, 5)
(10638, 44, 7, 2, 7)
(10639, 43, 4, 4, 5)
(10640, 20, 60, 8, 10)
(10641, 36, 3, 2, 6)
(10642, 26, 58, 2, 6)
(10643, 57, 23, 4, 2)
(10644, 34, 2, 4, 7)
(10645, 61, 15, 4, 2)
(10646, 52, 19, 2, 3)
(10647, 59, 14, 8, 6)
(10648, 44, 10, 2, 2)
(10649, 39, 3, 8, 8)
(10650, 54, 9, 4, 7)
(10651, 23, 57, 8, 1)
(10652, 43, 1, 4, 9)
(10653, 56, 9, 6, 8)
(10654, 10, 43, 8, 5)
(10655, 53, 15, 8, 6)
(10656, 47, 6, 6, 3)
(10657, 37, 2, 2, 4)
(10658, 46, 9, 6, 5)
(10659, 62, 29, 8, 6)
(10660, 42, 9, 6, 8)
(10661, 4, 54, 2, 10)
(10662, 15, 49, 2, 10)
(10663, 48, 12, 4, 4)
(10664, 9, 50, 8, 5)
(10665, 59, 19, 8, 2)
(10666, 33, 1, 8, 10)
(10667, 27, 62, 6, 4)
(10668, 59, 6, 6, 9)
(10669, 61, 28, 8, 3)
(10670, 54, 8, 4, 5)
(10671, 59, 6, 4, 3)
(10672, 42, 10, 2, 7)
(10673, 25, 60, 4, 8)
(10674, 48, 2, 8, 5)
(10675, 16, 56, 2, 7)
(10676, 1, 39, 2, 1)
(10677, 58, 9, 8, 5)
(10678, 51, 16, 4, 10)
(10679, 48, 14, 8, 8)
(10680, 11, 60, 8, 9)
(10681, 1, 41, 2, 2)
(10682, 45, 9, 8, 5)
(10683, 2, 48, 4, 6)
(10684, 16, 55, 4, 3)
(10685, 17, 53, 8, 3)
(10686, 1, 47, 6, 4)
(10687, 13, 51, 2, 5)
(10688, 61, 15, 4, 5)
(10689, 63, 9, 2, 6)
(10690, 1, 63, 4, 10)
(10691, 2, 53, 6, 9)
(10692, 54, 17, 6, 9)
(10693, 27, 61, 6, 6)
(10694, 19, 63, 8, 4)
(10695, 38, 5, 4, 6)
(10696, 49, 12, 2, 5)
(10697, 30, 64, 8, 10)
(10698, 24, 58, 2, 9)
(10699, 19, 55, 6, 5)
(10700, 63, 21, 2, 8)
(10701, 28, 64, 8, 2)
(10702, 23, 62, 2, 2)
(10703, 35, 3, 8, 7)
(10704, 60, 27, 2, 2)
(10705, 39, 2, 2, 1)
(10706, 62, 4, 8, 9)
(10707, 50, 13, 4, 9)
(10708, 59, 1, 6, 8)
(10709, 35, 3, 2, 5)
(10710, 5, 55, 6, 9)
(10711, 29, 64, 2, 7)
(10712, 54, 7, 4, 6)
(10713, 50, 9, 4, 4)
(10714, 38, 3, 2, 10)
(10715, 46, 5, 2, 7)
(10716, 46, 1, 6, 10)
(10717, 23, 57, 4, 10)
(10718, 1, 39, 6, 10)
(10719, 13, 50, 6, 8)
(10720, 12, 55, 2, 3)
(10721, 52, 5, 8, 10)
(10722, 61, 21, 2, 4)
(10723, 36, 2, 8, 1)
(10724, 23, 62, 8, 4)
(10725, 24, 60, 8, 7)
(10726, 20, 59, 2, 4)
(10727, 38, 5, 4, 1)
(10728, 43, 4, 2, 9)
(10729, 48, 1, 2, 9)
(10730, 62, 6, 6, 9)
(10731, 38, 3, 2, 4)
(10732, 57, 18, 8, 6)
(10733, 52, 17, 8, 7)
(10734, 24, 57, 8, 5)
(10735, 18, 59, 4, 1)
(10736, 38, 6, 4, 6)
(10737, 33, 1, 8, 2)
(10738, 17, 55, 6, 9)
(10739, 22, 64, 8, 2)
(10740, 3, 63, 6, 6)
(10741, 30, 62, 2, 8)
(10742, 40, 8, 6, 8)
(10743, 21, 56, 2, 1)
(10744, 42, 3, 4, 6)
(10745, 48, 10, 8, 2)
(10746, 8, 63, 8, 5)
(10747, 39, 7, 4, 7)
(10748, 33, 1, 6, 6)
(10749, 41, 6, 6, 7)
(10750, 13, 61, 6, 2)
(10751, 1, 47, 8, 9)
(10752, 20, 61, 4, 10)
(10753, 17, 60, 6, 5)
(10754, 57, 4, 4, 5)
(10755, 55, 9, 8, 7)
(10756, 53, 16, 4, 3)
(10757, 7, 41, 6, 2)
(10758, 10, 50, 2, 3)
(10759, 18, 64, 6, 9)
(10760, 3, 44, 2, 1)
(10761, 3, 57, 6, 8)
(10762, 42, 5, 2, 1)
(10763, 64, 20, 8, 5)
(10764, 64, 7, 4, 3)
(10765, 3, 58, 2, 7)
(10766, 37, 2, 4, 3)
(10767, 2, 49, 2, 4)
(10768, 56, 7, 6, 6)
(10769, 38, 5, 4, 10)
(10770, 50, 16, 2, 6)
(10771, 26, 61, 2, 3)
(10772, 7, 39, 6, 7)
(10773, 17, 63, 6, 2)
(10774, 63, 24, 8, 2)
(10775, 31, 64, 8, 5)
(10776, 38, 4, 4, 5)
(10777, 34, 1, 6, 4)
(10778, 22, 60, 6, 1)
(10779, 3, 54, 8, 2)
(10780, 42, 9, 8, 3)
(10781, 38, 5, 6, 4)
(10782, 38, 6, 8, 5)
(10783, 40, 1, 6, 8)
(10784, 7, 41, 6, 9)
(10785, 19, 51, 2, 7)
(10786, 36, 4, 8, 3)
(10787, 25, 59, 4, 2)
(10788, 28, 62, 8, 10)
(10789, 19, 58, 6, 1)
(10790, 1, 53, 4, 5)
(10791, 25, 57, 6, 8)
(10792, 30, 64, 8, 5)
(10793, 2, 50, 2, 9)
(10794, 60, 20, 6, 8)
(10795, 14, 46, 8, 4)
(10796, 54, 12, 8, 5)
(10797, 37, 3, 2, 6)
(10798, 2, 53, 8, 10)
(10799, 13, 55, 8, 3)
(10800, 60, 4, 6, 3)
(10801, 11, 60, 6, 1)
(10802, 10, 55, 4, 3)
(10803, 12, 46, 2, 10)
(10804, 63, 3, 6, 9)
(10805, 23, 59, 6, 2)
(10806, 7, 45, 6, 6)
(10807, 20, 60, 4, 1)
(10808, 10, 57, 6, 7)
(10809, 56, 3, 2, 4)
(10810, 16, 54, 6, 1)
(10811, 55, 6, 8, 10)
(10812, 57, 9, 4, 3)
(10813, 17, 55, 2, 3)
(10814, 4, 53, 4, 1)
(10815, 31, 63, 8, 10)
(10816, 50, 16, 4, 4)
(10817, 58, 3, 6, 7)
(10818, 44, 8, 2, 3)
(10819, 37, 4, 8, 7)
(10820, 11, 53, 4, 5)
(10821, 38, 2, 6, 8)
(10822, 56, 18, 4, 6)
(10823, 23, 64, 4, 6)
(10824, 40, 7, 4, 3)
(10825, 52, 5, 4, 1)
(10826, 10, 62, 2, 5)
(10827, 42, 8, 4, 8)
(10828, 41, 8, 6, 1)
(10829, 50, 8, 6, 5)
(10830, 19, 63, 8, 8)
(10831, 45, 12, 4, 1)
(10832, 8, 50, 4, 6)
(10833, 30, 64, 6, 5)
(10834, 15, 63, 6, 9)
(10835, 51, 6, 6, 9)
(10836, 53, 14, 2, 1)
(10837, 24, 62, 8, 4)
(10838, 54, 20, 8, 1)
(10839, 2, 37, 4, 4)
(10840, 14, 60, 4, 6)
(10841, 22, 60, 2, 6)
(10842, 45, 13, 4, 8)
(10843, 39, 6, 8, 7)
(10844, 40, 8, 2, 9)
(10845, 15, 62, 8, 7)
(10846, 15, 60, 8, 8)
(10847, 26, 64, 2, 6)
(10848, 21, 59, 8, 3)
(10849, 25, 61, 6, 3)
(10850, 28, 63, 4, 5)
(10851, 1, 34, 8, 10)
(10852, 56, 17, 4, 10)
(10853, 41, 2, 6, 3)
(10854, 29, 61, 6, 7)
(10855, 47, 8, 4, 2)
(10856, 13, 54, 8, 10)
(10857, 36, 4, 4, 10)
(10858, 29, 64, 8, 7)
(10859, 52, 16, 4, 9)
(10860, 26, 58, 6, 1)
(10861, 12, 61, 8, 1)
(10862, 20, 52, 4, 5)
(10863, 18, 64, 4, 2)
(10864, 46, 10, 8, 7)
(10865, 32, 64, 6, 4)
(10866, 30, 62, 6, 2)
(10867, 18, 54, 6, 2)
(10868, 3, 62, 4, 5)
(10869, 50, 15, 6, 6)
(10870, 29, 64, 4, 8)
(10871, 54, 14, 8, 9)
(10872, 34, 1, 2, 5)
(10873, 31, 63, 6, 5)
(10874, 1, 51, 6, 4)
(10875, 1, 49, 4, 8)
(10876, 49, 12, 2, 8)
(10877, 43, 8, 8, 7)
(10878, 64, 18, 6, 5)
(10879, 34, 1, 4, 9)
(10880, 35, 2, 2, 9)
(10881, 29, 63, 4, 9)
(10882, 60, 25, 6, 1)
(10883, 7, 61, 4, 9)
(10884, 2, 46, 4, 3)
(10885, 33, 1, 4, 8)
(10886, 58, 3, 6, 1)
(10887, 39, 7, 8, 5)
(10888, 55, 16, 8, 1)
(10889, 45, 13, 2, 4)
(10890, 5, 47, 6, 7)
(10891, 61, 4, 8, 1)
(10892, 44, 6, 2, 7)
(10893, 20, 54, 4, 1)
(10894, 50, 6, 4, 2)
(10895, 8, 47, 8, 4)
(10896, 64, 6, 8, 8)
(10897, 38, 2, 6, 7)
(10898, 24, 60, 6, 7)
(10899, 25, 61, 6, 3)
(10900, 17, 55, 8, 5)
(10901, 46, 5, 2, 3)
(10902, 35, 1, 6, 9)
(10903, 6, 43, 6, 8)
(10904, 3, 60, 4, 1)
(10905, 10, 64, 2, 5)
(10906, 58, 16, 2, 2)
(10907, 52, 14, 8, 8)
(10908, 60, 12, 6, 6)
(10909, 40, 7, 8, 8)
(10910, 31, 64, 6, 5)
(10911, 63, 2, 8, 1)
(10912, 3, 44, 4, 3)
(10913, 9, 56, 8, 9)
(10914, 48, 13, 6, 4)
(10915, 29, 64, 6, 2)
(10916, 29, 63, 6, 4)
(10917, 34, 2, 2, 2)
(10918, 59, 5, 2, 1)
(10919, 29, 64, 6, 10)
(10920, 2, 61, 8, 2)
(10921, 24, 63, 4, 2)
(10922, 32, 64, 6, 9)
(10923, 34, 2, 6, 7)
(10924, 36, 1, 8, 3)
(10925, 61, 6, 2, 9)
(10926, 38, 4, 4, 7)
(10927, 9, 47, 2, 7)
(10928, 43, 7, 2, 7)
(10929, 36, 2, 2, 2)
(10930, 16, 53, 2, 3)
(10931, 10, 61, 4, 6)
(10932, 47, 9, 6, 9)
(10933, 48, 1, 8, 7)
(10934, 8, 59, 4, 2)
(10935, 58, 10, 4, 8)
(10936, 25, 58, 6, 4)
(10937, 18, 60, 8, 4)
(10938, 16, 60, 8, 5)
(10939, 4, 49, 8, 7)
(10940, 62, 11, 8, 7)
(10941, 36, 3, 2, 9)
(10942, 16, 61, 6, 1)
(10943, 22, 58, 8, 2)
(10944, 16, 60, 6, 7)
(10945, 41, 9, 8, 8)
(10946, 12, 53, 2, 3)
(10947, 52, 17, 6, 1)
(10948, 27, 61, 2, 10)
(10949, 50, 1, 6, 4)
(10950, 15, 57, 8, 1)
(10951, 5, 56, 8, 1)
(10952, 58, 17, 2, 4)
(10953, 32, 64, 4, 4)
(10954, 24, 64, 8, 10)
(10955, 62, 11, 6, 3)
(10956, 18, 62, 8, 8)
(10957, 33, 1, 4, 3)
(10958, 43, 3, 2, 9)
(10959, 51, 14, 2, 1)
(10960, 51, 17, 4, 10)
(10961, 5, 48, 8, 7)
(10962, 63, 9, 6, 10)
(10963, 58, 10, 2, 9)
(10964, 28, 61, 6, 1)
(10965, 44, 3, 2, 8)
(10966, 28, 62, 8, 7)
(10967, 41, 3, 2, 8)
(10968, 48, 8, 8, 8)
(10969, 9, 54, 6, 3)
(10970, 12, 45, 2, 8)
(10971, 18, 57, 8, 1)
(10972, 33, 1, 4, 10)
(10973, 21, 62, 4, 1)
(10974, 23, 57, 8, 5)
(10975, 50, 13, 4, 4)
(10976, 6, 54, 8, 1)
(10977, 50, 16, 6, 3)
(10978, 6, 40, 2, 9)
(10979, 52, 6, 2, 8)
(10980, 53, 5, 6, 1)
(10981, 47, 15, 4, 3)
(10982, 25, 64, 4, 3)
(10983, 34, 2, 4, 6)
(10984, 37, 1, 4, 1)
(10985, 48, 7, 4, 4)
(10986, 53, 12, 6, 7)
(10987, 17, 64, 8, 2)
(10988, 60, 17, 2, 1)
(10989, 23, 62, 6, 1)
(10990, 29, 63, 6, 4)
(10991, 34, 1, 6, 3)
(10992, 19, 60, 6, 7)
(10993, 32, 64, 6, 6)
(10994, 29, 62, 8, 5)
(10995, 15, 49, 8, 5)
(10996, 52, 16, 2, 9)
(10997, 6, 43, 6, 3)
(10998, 49, 14, 6, 5)