(10015, 1, 5000, 5001, 5002, 5008, 5019, 5030, 5041)
(10035, 1, 5005, 5016, 5027)
(10048, 1, 5005, 5016, 5027, 5038, 5049)
(10103, 1, 5000, 5001, 5002, 5003, 5004, 5010, 5021, 5032, 5043, 5054)
(10034, 36, 5001, 5002, 5003, 5009, 5020, 5031)
(10045, 36, 5001, 5002, 5003, 5009, 5020, 5031, 5042)
(10055, 36, 5001, 5002, 5008, 5019, 5030)
(10115, 36, 5006, 5017, 5028, 5039)
(10065, 61, 5001, 5000, 5005, 5016, 5027, 5038, 5049)
(10077, 61, 5007, 5018, 5029, 5040)
(10078, 61, 5001, 5006, 5017, 5028, 5039, 5050)
(10022, 91, 5003, 5004, 5010, 5021, 5032, 5043)
(10028, 91, 5003, 5009, 5020, 5031, 5042, 5053)
(10049, 91, 5003, 5009, 5020, 5031)
(10059, 91, 5003, 5009, 5020, 5031, 5042)
(10062, 91, 5008, 5019, 5030)
(10090, 91, 5003, 5009, 5020, 5031)
(10107, 121, 5003, 5002, 5007, 5018, 5029, 5040, 5051)
(10126, 121, 5009, 5020, 5031, 5042, 5053)
(10068, 146, 5004, 5003, 5002, 5007, 5018, 5029, 5040, 5051)
(10002, 186, 5016, 5027, 5038, 5049)
(10036, 186, 5011, 5017, 5028, 5039, 5050)
(10114, 186, 5011, 5012, 5013, 5014, 5015, 5021, 5032, 5043)
(10118, 186, 5011, 5017, 5028, 5039)
(10032, 202, 5012, 5013, 5019, 5030, 5041, 5052)
(10054, 202, 5012, 5013, 5014, 5020, 5031, 5042, 5053)
(10101, 202, 5011, 5016, 5027, 5038, 5049)
(10122, 202, 5011, 5016, 5027, 5038, 5049)
(10017, 232, 5012, 5017, 5028, 5039, 5050)
(10051, 232, 5013, 5014, 5015, 5021, 5032, 5043)
(10053, 232, 5013, 5014, 5015, 5021, 5032, 5043)
(10069, 232, 5012, 5017, 5028, 5039, 5050)
(10081, 232, 5013, 5019, 5030, 5041)
(10104, 232, 5018, 5029, 5040, 5051)
(10084, 262, 5014, 5015, 5021, 5032, 5043)
(10125, 262, 5014, 5020, 5031, 5042, 5053)
(10039, 277, 5015, 5021, 5032, 5043, 5054)
(10110, 277, 5015, 5021, 5032, 5043)
(10021, 302, 5015, 5020, 5031, 5042, 5053)
(10061, 302, 5015, 5014, 5019, 5030, 5041, 5052)
(10098, 302, 5021, 5032, 5043)
(10018, 320, 5027, 5038, 5049)
(10063, 320, 5022, 5023, 5029, 5040, 5051)
(10052, 345, 5028, 5039, 5050)
(10060, 345, 5023, 5024, 5025, 5026, 5032, 5043, 5054)
(10097, 345, 5023, 5024, 5025, 5031, 5042, 5053)
(10100, 345, 5028, 5039, 5050)
(10109, 345, 5028, 5039, 5050)
(10117, 345, 5023, 5029, 5040, 5051)
(10000, 375, 5024, 5025, 5031, 5042, 5053)
(10011, 375, 5029, 5040, 5051)
(10019, 375, 5024, 5025, 5031, 5042, 5053)
(10050, 375, 5024, 5030, 5041, 5052)
(10079, 375, 5024, 5030, 5041, 5052)
(10001, 400, 5030, 5041, 5052)
(10014, 400, 5025, 5026, 5032, 5043, 5054)
(10041, 400, 5030, 5041, 5052)
(10047, 400, 5030, 5041, 5052)
(10056, 400, 5025, 5031, 5042, 5053)
(10070, 400, 5025, 5026, 5032, 5043, 5054)
(10105, 400, 5025, 5026, 5032, 5043, 5054)
(10075, 425, 5026, 5032, 5043, 5054)
(10112, 425, 5026, 5032, 5043, 5054)
(10027, 445, 5032, 5043, 5054)
(10029, 445, 5032, 5043, 5054)
(10067, 445, 5032, 5043, 5054)
(10088, 445, 5032, 5043, 5054)
(10037, 460, 5027, 5016, 5005)
(10093, 460, 5027, 5016, 5005)
(10005, 469, 5028, 5017, 5006)
(10102, 469, 5028, 5017, 5006)
(10120, 469, 5028, 5017, 5006)
(10127, 469, 5028, 5017, 5006)
(10006, 484, 5029, 5018, 5007, 5001)
(10012, 484, 5029, 5018, 5007, 5001)
(10023, 484, 5029, 5018, 5007, 5001)
(10087, 484, 5029, 5018, 5007, 5001, 5000)
(10004, 494, 5030, 5019, 5008, 5002, 5001)
(10016, 494, 5030, 5019, 5008, 5002, 5001, 5000)
(10046, 494, 5030, 5019, 5008, 5002, 5001, 5000)
(10089, 494, 5030, 5019, 5008, 5002)
(10094, 494, 5030, 5019, 5008)
(10007, 524, 5031, 5020, 5009, 5003, 5002, 5001)
(10044, 524, 5031, 5020, 5009, 5003, 5002, 5001)
(10064, 524, 5031, 5020, 5009, 5003, 5002, 5001, 5000)
(10073, 524, 5031, 5020, 5009, 5003, 5002, 5001)
(10058, 559, 5032, 5021, 5010, 5004, 5003)
(10080, 559, 5032, 5021, 5010, 5004, 5003, 5002, 5001)
(10095, 559, 5032, 5021, 5010)
(10024, 584, 5038, 5027, 5016, 5005, 5000, 5001, 5002, 5003)
(10086, 584, 5038, 5027, 5016, 5005, 5000, 5001)
(10108, 584, 5038, 5027, 5016)
(10113, 584, 5038, 5027, 5016, 5005, 5000, 5001, 5002, 5003)
(10026, 624, 5039, 5028, 5017, 5011)
(10030, 624, 5039, 5028, 5017, 5006)
(10106, 624, 5039, 5028, 5017, 5011)
(10119, 624, 5039, 5028, 5017, 5006, 5000)
(10020, 644, 5040, 5029, 5018, 5007, 5002, 5003)
(10043, 644, 5040, 5029, 5018)
(10082, 644, 5040, 5029, 5018, 5007, 5001, 5000)
(10092, 644, 5040, 5029, 5018, 5012, 5011)
(10116, 669, 5041, 5030, 5019, 5008, 5002, 5001)
(10124, 669, 5041, 5030, 5019, 5008, 5003)
(10009, 681, 5043, 5032, 5021, 5015, 5014, 5013, 5012)
(10008, 695, 5049, 5038, 5027, 5016, 5005)
(10040, 695, 5049, 5038, 5027, 5016, 5005, 5000, 5001, 5002, 5003, 5004)
(10042, 695, 5049, 5038, 5027, 5016, 5011, 5012)
(10057, 695, 5049, 5038, 5027, 5016, 5011, 5012, 5013)
(10031, 745, 5050, 5039, 5028, 5017, 5006, 5001, 5002, 5003)
(10111, 745, 5050, 5039, 5028, 5017, 5012, 5013)
(10010, 761, 5051, 5040, 5029, 5018, 5007, 5001)
(10033, 761, 5051, 5040, 5029, 5018, 5007, 5002, 5003, 5004)
(10074, 761, 5051, 5040, 5029, 5023)
(10076, 761, 5051, 5040, 5029, 5018, 5007, 5001)
(10121, 761, 5051, 5040, 5029, 5018, 5012, 5011)
(10003, 791, 5052, 5041, 5030, 5019, 5013, 5012, 5011)
(10072, 791, 5052, 5041, 5030, 5019, 5008, 5002, 5001)
(10085, 791, 5052, 5041, 5030, 5019, 5014, 5015)
(10096, 791, 5052, 5041, 5030, 5024, 5023)
(10013, 812, 5053, 5042, 5031, 5020, 5015)
(10025, 812, 5053, 5042, 5031, 5025)
(10038, 812, 5053, 5042, 5031, 5020, 5009, 5004)
(10066, 812, 5053, 5042, 5031, 5020, 5014, 5013, 5012, 5011)
(10071, 812, 5053, 5042, 5031, 5025)
(10091, 812, 5053, 5042, 5031, 5020, 5009)
(10123, 812, 5053, 5042, 5031, 5020)
(10083, 837, 5054, 5043, 5032, 5021, 5010)
(10099, 837, 5054, 5043, 5032, 5021)
